26
40
52
55
65
68
76
77
78
87
93
96
97
114
132
138
145
152
153
155
160
161
162
173
181
189
208
209
225
235
244
257
260
261
262
266
271
272
276
277
283
309
320
323
327
336
348
358
374
383
384
387
389
393
395
396
402
403
409
424
442
446
450
461
470
536
559
574
588
617
636
650
655
706
707
731
747
766
776
810
823
833
834
837
844
853
870
888
924
925
951
979
1022
1032
1039
1041
1046
1056
1069
1070
1091
1095
1100
1105
1106
1115
1137
1142
1180
1186
1194
1199
1207
1216
1237
1256
1309
1313
1327
1338
1340
1347
1364
1367
1400
1485
1504
6810
6811
6812
6813
6816
6817
6819
6822
6823
6824
6830
6831
6833
6834
6839
6840
6842
6843
6844
8045
43723
48108
48208
49588
50308
50819
50820
50837
51318
51319
51337
51442
53438